0.000 0.000 22.000 8.485 8.485 0.113
-0.000 1.000 21.000 8.474 8.474 -0.425
0.001 2.000 20.000 8.514 8.514 -0.984
-0.002 3.000 19.002 8.620 8.620 -1.540
-0.017 3.999 18.010 24.657 24.657 17.412
-0.049 4.953 17.290 7.419 7.419 -4.539
0.118 5.936 16.171 38.134 38.134 20.147
0.225 6.868 16.089 6.378 6.378 -8.003
0.562 7.800 14.670 34.151 34.151 19.318
0.799 8.713 14.950 30.655 30.655 17.023
1.237 9.563 15.900 28.947 28.947 18.259
1.829 10.306 18.421 4.191 4.191 -7.594
2.595 10.935 15.797 27.407 27.407 18.116
3.273 11.601 31.689 7.395 7.395 -2.427
4.116 12.138 31.265 11.321 11.321 2.349
4.943 12.698 29.726 12.515 12.515 4.759
5.783 13.234 27.791 12.011 12.011 5.216
6.651 13.723 25.957 11.379 11.379 4.849
7.547 14.158 24.334 10.946 10.946 4.197
8.467 14.543 22.897 10.699 10.699 3.467
9.406 14.882 21.601 10.596 10.596 2.730
10.358 15.183 20.408 10.607 10.607 2.014
11.320 15.455 19.286 10.717 10.717 1.330
12.288 15.703 18.216 10.921 10.921 0.688
13.261 15.937 17.184 11.222 11.222 0.095
14.235 16.163 16.180 11.629 11.629 -0.439
15.209 16.388 15.198 12.153 12.153 -13.538
16.155 16.611 14.960 15.011 15.011 -16.064
17.045 16.975 15.430 13.250 13.250 -15.633
17.853 17.499 16.676 12.152 12.152 0.040
18.582 18.184 15.669 11.424 11.424 -15.198
19.285 18.844 17.923 10.828 10.828 0.241
19.883 19.646 16.860 10.220 10.220 -3.047
20.482 20.445 16.659 9.670 9.670 -4.216
21.052 21.263 16.870 9.182 9.182 -4.277
21.581 22.109 17.265 8.751 8.751 -4.178
22.067 22.979 17.841 8.370 8.370 -3.968
22.511 23.873 18.590 8.035 8.035 -3.667
22.913 24.786 19.499 7.739 7.739 -3.313
23.276 25.716 20.544 7.475 7.475 -2.950
23.602 26.660 21.709 7.236 7.236 -2.625
23.897 27.615 22.997 7.020 7.020 -2.374
24.162 28.578 22.059 6.825 6.825 -2.939
24.400 29.548 20.897 6.688 6.688 -3.546
24.605 30.525 19.745 6.628 6.628 -4.112
24.770 31.508 18.620 6.661 6.661 -4.623
24.887 32.498 17.538 6.810 6.810 -5.060
24.950 33.492 16.508 7.105 7.105 -5.390
24.956 34.488 15.538 7.582 7.582 -5.578
24.898 35.482 14.628 8.288 8.288 -5.580
24.777 36.469 13.771 9.275 9.275 -5.353
