22.000 8.485 8.485 0.113
21.000 8.474 8.474 -0.425
20.000 8.514 8.514 -0.984
19.002 8.620 8.620 -1.540
18.010 24.657 24.657 17.412
17.290 7.419 7.419 -4.539
16.171 38.134 38.134 20.147
16.089 6.378 6.378 -8.003
14.670 34.151 34.151 19.318
14.950 30.655 30.655 17.023
15.900 28.947 28.947 18.259
18.421 4.191 4.191 -7.594
15.797 27.407 27.407 18.116
31.689 7.395 7.395 -2.427
31.265 11.321 11.321 2.349
29.726 12.515 12.515 4.759
27.791 12.011 12.011 5.216
25.957 11.379 11.379 4.849
24.334 10.946 10.946 4.197
22.897 10.699 10.699 3.467
21.601 10.596 10.596 2.730
20.408 10.607 10.607 2.014
19.286 10.717 10.717 1.330
18.216 10.921 10.921 0.688
17.184 11.222 11.222 0.095
16.180 11.629 11.629 -0.439
15.198 12.153 12.153 -13.538
14.960 15.011 15.011 -16.064
15.430 13.250 13.250 -15.633
16.676 12.152 12.152 0.040
15.669 11.424 11.424 -15.198
17.923 10.828 10.828 0.241
16.860 10.220 10.220 -3.047
16.659 9.670 9.670 -4.216
16.870 9.182 9.182 -4.277
17.265 8.751 8.751 -4.178
17.841 8.370 8.370 -3.968
18.590 8.035 8.035 -3.667
19.499 7.739 7.739 -3.313
20.544 7.475 7.475 -2.950
21.709 7.236 7.236 -2.625
22.997 7.020 7.020 -2.374
22.059 6.825 6.825 -2.939
20.897 6.688 6.688 -3.546
19.745 6.628 6.628 -4.112
18.620 6.661 6.661 -4.623
17.538 6.810 6.810 -5.060
16.508 7.105 7.105 -5.390
15.538 7.582 7.582 -5.578
14.628 8.288 8.288 -5.580
13.771 9.275 9.275 -5.353
